8,1,1780853239162,1780853239528,366,FAIL
8,2,1780853239549,1780853239806,257,FAIL
8,3,1780853239818,1780853240083,265,FAIL
8,4,1780853240096,1780853240366,270,FAIL
8,5,1780853240391,1780853240579,188,FAIL
8,6,1780853240586,1780853240776,190,FAIL
8,7,1780853240801,1780853240994,193,FAIL
8,8,1780853241017,1780853241202,185,FAIL
8,9,1780853241211,1780853241428,217,FAIL
8,10,1780853241471,1780853241673,202,FAIL
8,11,1780853241687,1780853241881,194,FAIL
8,12,1780853241907,1780853242089,182,FAIL
8,13,1780853242107,1780853242305,198,FAIL
8,14,1780853242325,1780853242525,200,FAIL
8,15,1780853242537,1780853242656,119,FAIL
