6139
6522
6858
5807
6274
4525
5826
5956
5837
5607
5934
5511
6191
6808
5695
4855
6690
6556
5973
5491
6137
5661
5231
6272
6128
5029
6139
6522
6859
5806
6274
4525
5827
5956
5837
5607
5934
5510
6190
6811
5695
4854
6690
6556
5972
5492
6136
5662
5232
6273
6127
5029
6139
6523
6858
5807
6274
4525
5827
5956
5837
5606
5934
5511
6190
6809
5695
4855
6692
6554
5972
5492
6137
5661
5232
6272
6128
5029
6140
6523
6859
5807
6275
4525
5826
5956
5837
5607
5934
5509
6190
6810
5697
4854
6689
6557
5972
5492
6134
5664
5232
6272
6128
5028
