7334
4608
6011
7134
5982
5227
6233
7147
6518
5486
5762
6389
5462
6084
4762
4991
4539
6200
5637
6498
7059
6182
7184
6030
6064
6471
7335
4608
6011
7133
5982
5228
6233
7147
6518
5486
5762
6388
5462
6084
4763
4990
4539
6200
5638
6498
7060
6182
7185
6031
6063
6471
7334
4609
6010
7133
5983
5228
6234
7147
6519
5485
5763
6388
5462
6084
4763
4991
4542
6197
5638
6498
7060
6182
7185
6031
6063
6471
7335
4608
6011
7134
5982
5227
6234
7147
6519
5486
5762
6388
5463
6084
4763
4991
4540
6200
5637
6496
7060
6182
7184
6030
6063
6471
