2208
2099
2112
2112
2111
2132
2114
2143
2118
2231
2159
2111
2112
2111
2137
2116
2128
2118
2108
2120
2119
2112
2136
2140
2127
2127
2113
2121
2170
2109
2137
2120
2110
2129
2109
2116
2115
2132
2122
2111
2121
2130
2114
2111
2115
2120
2100
2725
2123
2121
2118
2109
2130
2120
2109
2106
2110
2112
2209
2099
2111
2112
2111
2131
2113
2144
2118
2231
2159
2111
2112
2111
2137
2117
2126
2117
2108
2120
2119
2112
2136
2141
2126
2127
2114
2121
2170
2109
2137
2120
2110
2127
2109
2116
2115
2133
2122
2111
2121
2128
2114
2111
2115
2120
2101
2725
2124
2121
2118
2109
2131
2120
2109
2106
2112
2112
2209
2099
2112
2112
2111
2133
2113
2144
2118
2231
2160
2111
2112
2111
2138
2116
2128
2117
2108
2120
2119
2110
2136
2140
2127
2128
2111
2120
2171
2109
2137
2121
2110
2127
2109
2116
2115
2132
2122
2111
2121
2130
2114
2111
2115
2120
2101
2725
2124
2120
2119
2109
2129
2120
2109
2106
2111
2112
2208
2098
2111
2113
2111
2132
2113
2144
2118
2231
2159
2110
2112
2111
2138
2116
2129
2117
2108
2120
2117
2112
2136
2140
2126
2127
2114
2120
2171
2109
2137
2120
2109
2129
2109
2116
2114
2133
2123
2110
2121
2130
2114
2111
2115
2120
2101
2725
2123
2121
2117
2109
2131
2120
2109
2106
2111
2112
