6531
6774
5993
6534
7255
4465
5607
5245
5782
5359
6801
6204
5572
6751
6021
5760
4387
5864
5103
6358
6410
5225
5227
6415
6772
7216
6530
6774
5993
6534
7255
4465
5608
5245
5782
5359
6801
6204
5571
6752
6020
5759
4388
5865
5103
6358
6410
5224
5227
6416
6772
7215
6532
6773
5993
6533
7255
4464
5608
5245
5782
5359
6801
6204
5571
6752
6021
5758
4388
5865
5103
6358
6410
5224
5228
6414
6772
7215
6530
6775
5993
6534
7255
4465
5608
5245
5782
5359
6801
6204
5571
6752
6021
5759
4388
5865
5103
6359
6410
5224
5226
6415
6771
7215
