7039
4100
4868
5482
6057
5471
4459
6097
6277
6385
5471
5841
6090
4333
6203
5666
5704
6392
5250
5849
4664
6152
6376
6994
5978
4424
5647
7039
4100
4868
5481
6057
5472
4458
6098
6276
6385
5471
5839
6092
4332
6204
5666
5703
6392
5250
5849
4663
6152
6376
6994
5978
4424
5647
7039
4100
4868
5483
6056
5471
4459
6098
6276
6385
5471
5841
6091
4331
6204
5666
5703
6391
5251
5850
4663
6152
6375
6994
5978
4426
5645
7039
4100
4868
5482
6058
5471
4459
6098
6277
6385
5471
5839
6094
4329
6205
5666
5703
6392
5250
5849
4664
6152
6376
6994
5978
4425
5647
