6112
5951
4521
6207
5659
5569
5383
6377
5867
6475
5979
6281
5872
5261
5039
6352
5177
6241
5505
4599
6030
5568
5795
5383
6059
5485
6376
6113
5951
4521
6206
5660
5568
5383
6376
5867
6476
5978
6280
5872
5260
5039
6351
5178
6241
5504
4599
6030
5570
5795
5384
6059
5484
6376
6113
5951
4521
6206
5660
5568
5384
6381
5862
6474
5979
6281
5871
5261
5039
6351
5178
6241
5505
4599
6030
5567
5796
5383
6059
5484
6376
6113
5952
4521
6206
5660
5568
5385
6377
5867
6476
5978
6281
5871
5261
5039
6351
5179
6240
5505
4599
6030
5570
5794
5383
6058
5485
6376
