6446
5558
5471
5348
5280
5412
5923
5472
6111
6498
6234
6355
5476
5881
5170
5812
6256
6504
6671
6199
6011
5774
5856
5613
5351
5497
6216
6445
5559
5471
5348
5280
5413
5923
5471
6113
6497
6234
6355
5478
5880
5167
5814
6259
6502
6673
6198
6011
5774
5857
5613
5351
5497
6216
6445
5558
5471
5348
5280
5414
5923
5472
6111
6499
6234
6355
5477
5880
5167
5814
6258
6503
6669
6199
6011
5775
5857
5613
5351
5498
6215
6446
5557
5471
5348
5280
5413
5923
5472
6111
6499
6234
6354
5477
5880
5168
5813
6258
6502
6669
6200
6011
5775
5857
5613
5351
5497
6216
