6179
6641
6366
6156
5588
5644
5613
5709
5410
6101
5429
5582
5637
5788
6080
5396
6169
5254
6146
5951
5832
4845
5335
5482
5589
6271
5896
6180
6640
6366
6156
5588
5643
5613
5708
5412
6100
5430
5582
5637
5788
6081
5396
6169
5254
6148
5949
5832
4845
5335
5481
5588
6271
5896
6180
6640
6366
6156
5588
5644
5613
5708
5411
6099
5429
5582
5637
5787
6081
5396
6168
5254
6146
5951
5832
4844
5335
5481
5588
6272
5895
6179
6640
6366
6157
5588
5644
5613
5708
5414
6096
5429
5582
5637
5787
6081
5395
6168
5254
6146
5951
5832
4844
5335
5482
5588
6271
5896
