6790
5108
5600
5368
5920
5855
6443
6645
5599
5624
6301
5350
5908
6042
4607
4828
5249
6130
6200
6317
6180
5321
6246
5520
6908
5528
6308
6790
5108
5599
5366
5922
5855
6445
6644
5601
5622
6304
5349
5909
6042
4607
4828
5249
6130
6200
6317
6180
5320
6246
5520
6908
5529
6310
6790
5109
5599
5367
5922
5855
6444
6644
5600
5624
6303
5349
5909
6042
4607
4828
5249
6130
6200
6317
6180
5321
6245
5520
6908
5528
6311
6790
5108
5599
5366
5924
5853
6444
6645
5599
5623
6303
5349
5909
6042
4607
4828
5248
6130
6200
6317
6180
5322
6245
5520
6908
5528
6310
