2108
2122
2122
2105
2123
2124
2108
2117
2124
2118
2121
2120
2110
2127
2120
2104
2158
2114
2118
2113
2109
2138
2127
2127
2135
2119
2128
2114
2168
2123
2129
2134
2111
2108
2114
2109
2122
2138
2112
2116
2125
2122
2118
2111
2111
2110
2119
2111
2119
2123
2131
2109
2131
2114
2123
2119
2113
2126
2107
2124
2123
2105
2123
2123
2107
2117
2124
2118
2118
2123
2107
2128
2120
2104
2158
2114
2118
2113
2109
2139
2126
2128
2136
2121
2124
2114
2170
2120
2130
2134
2109
2108
2113
2111
2122
2139
2112
2116
2126
2121
2118
2112
2111
2111
2119
2110
2118
2124
2131
2108
2130
2115
2122
2120
2113
2125
2107
2124
2122
2105
2124
2123
2109
2118
2124
2117
2118
2123
2110
2127
2120
2099
2158
2114
2118
2113
2109
2138
2126
2129
2134
2119
2129
2113
2169
2123
2129
2134
2111
2109
2113
2110
2122
2138
2112
2116
2125
2122
2118
2111
2111
2111
2118
2111
2118
2124
2131
2108
2131
2114
2123
2119
2114
2125
2107
2121
2123
2105
2124
2123
2109
2117
2125
2117
2118
2123
2110
2128
2118
2104
2158
2114
2118
2112
2109
2138
2130
2125
2135
2119
2128
2114
2172
2122
2129
2134
2108
2109
2113
2111
2122
2138
2112
2116
2125
2122
2116
2112
2111
2110
2118
2110
2119
2124
2132
2108
2131
2114
2123
2119
2114
2126
