6138
5854
3931
6141
6326
6440
5975
5992
5432
6450
5180
3806
6410
6017
5832
4300
6673
5439
4901
5253
4508
6053
5292
6388
5364
5852
6047
6628
6138
5854
3931
6140
6327
6440
5975
5992
5431
6450
5178
3806
6411
6018
5832
4301
6670
5443
4901
5252
4507
6053
5306
6382
5366
5853
6047
6628
6139
5854
3931
6141
6326
6440
5975
5992
5432
6450
5182
3802
6411
6018
5829
4300
6670
5443
4901
5253
4508
6053
5304
6384
5366
5853
6047
6628
6138
5854
3930
6141
6325
6440
5975
5992
5432
6450
5178
3806
6411
6018
5832
4299
6671
5443
4901
5253
4508
6054
5305
6382
5365
5853
6048
6628
