6215
7181
5596
6190
6141
6166
6198
6188
6236
5056
6491
5835
6336
4118
6832
5086
5937
5656
5933
7366
5936
5383
7041
5874
4921
5425
6216
7181
5596
6190
6141
6165
6199
6190
6233
5055
6491
5835
6335
4116
6832
5086
5937
5656
5932
7365
5937
5383
7043
5874
4922
5422
6216
7184
5594
6190
6142
6165
6199
6188
6234
5055
6491
5836
6336
4117
6834
5085
5937
5657
5933
7365
5937
5383
7041
5874
4920
5425
6215
7181
5597
6190
6140
6165
6197
6188
6236
5056
6491
5835
6336
4116
6832
5087
5937
5654
5933
7365
5936
5383
7043
5874
4921
5423
