5388
5505
6339
5811
5466
6803
4798
5574
5559
5770
5254
4804
6142
6362
4488
5759
5405
5840
4846
4775
6461
5305
7123
5677
6722
6372
6486
5388
5507
6336
5812
5466
6803
4798
5573
5559
5770
5254
4804
6141
6362
4488
5758
5404
5840
4848
4774
6461
5305
7123
5678
6722
6372
6486
5388
5506
6338
5812
5466
6803
4797
5573
5559
5770
5255
4804
6142
6362
4488
5760
5405
5840
4846
4776
6461
5306
7123
5677
6722
6372
6486
5388
5505
6339
5811
5466
6803
4798
5572
5559
5770
5255
4804
6142
6362
4488
5760
5405
5840
4848
4775
6461
5305
7123
5677
6722
6373
6486
