5300
5465
6079
5281
4243
6695
5591
5426
4625
6181
6384
5644
5478
6414
5620
5862
4681
6305
6313
7018
6080
4617
5690
4880
6523
5450
7086
5300
5466
6079
5281
4243
6695
5591
5426
4626
6181
6387
5642
5478
6414
5620
5859
4684
6306
6312
7018
6080
4617
5693
4879
6520
5450
7086
5300
5465
6079
5281
4243
6695
5591
5426
4625
6182
6387
5642
5478
6415
5619
5859
4684
6305
6313
7017
6080
4617
5691
4880
6523
5450
7087
5300
5465
6079
5281
4243
6695
5591
5426
4625
6181
6387
5643
5478
6414
5621
5858
4684
6305
6313
7017
6081
4617
5691
4880
6522
5450
7085
